q: 0.2	 l: 0.0001	 MSE: 0.001014696418689578	 Standard Deviation: 0.0025076170148307
q: 0.2	 l: 0.001	 MSE: 0.0010146897597202277	 Standard Deviation: 0.0025075997981061143
q: 0.2	 l: 0.01	 MSE: 0.0010146231722201631	 Standard Deviation: 0.0025074276348185354
